%time r y
0 0 0
0.02 0 0
0.04 0 0
0.06 0.0174524064173 0
0.08 0.0174524064173 0.000154476963705
0.1 0.0174524064173 0.000735505009372
0.12 0.0174524064173 0.00179163147635
0.14 0.0174524064173 0.00319266220558
0.16 0.0348994966626 0.00482311610954
0.18 0.0348994966626 0.00673616395994
0.2 0.0348994966626 0.00911757802812
0.22 0.0348994966626 0.0119448277115
0.24 0.0348994966626 0.0150314146445
0.26 0.0523359561832 0.0182194011548
0.28 0.0523359561832 0.0215320706222
0.3 0.0523359561832 0.0251365001595
0.32 0.0523359561832 0.0290013404524
0.34 0.0523359561832 0.032939553085
0.36 0.0697564736645 0.0367992676983
0.38 0.0697564736645 0.0406148161749
0.4 0.0697564736645 0.0445679600605
0.42 0.0697564736645 0.0486447380031
0.44 0.0697564736645 0.0526770705903
0.46 0.0871557426483 0.0565325104341
0.48 0.0871557426483 0.0602643210399
0.5 0.0871557426483 0.0640721388567
0.52 0.0871557426483 0.0679587753939
0.54 0.0871557426483 0.0717714437631
0.56 0.104528463149 0.0753910712693
0.58 0.104528463149 0.0788820473175
0.6 0.104528463149 0.0824529324437
0.62 0.104528463149 0.086113842762
0.64 0.104528463149 0.0897177281025
0.66 0.121869343267 0.0931495513098
0.68 0.121869343267 0.0964759437338
0.7 0.121869343267 0.0999061847122
0.72 0.121869343267 0.103450418162
0.74 0.121869343267 0.106961056788
0.76 0.121869343267 0.110321807323
0.78 0.139173100802 0.113444021853
0.8 0.139173100802 0.116417648041
0.82 0.139173100802 0.119471970474
0.84 0.139173100802 0.12263442326
0.86 0.139173100802 0.125771905745
0.88 0.156434464863 0.128779513092
0.9 0.156434464863 0.131729876201
0.92 0.156434464863 0.13483473579
0.94 0.156434464863 0.138105162613
0.96 0.156434464863 0.141393209674
0.98 0.173648177471 0.144580494438
1 0.173648177471 0.147727328607
1.02 0.173648177471 0.151034504302
1.04 0.173648177471 0.154504476466
1.06 0.173648177471 0.157982857422
1.08 0.190808995161 0.161346383309
1.1 0.190808995161 0.164651450383
1.12 0.190808995161 0.168095857001
1.14 0.190808995161 0.171680849367
1.16 0.190808995161 0.175252303943
1.18 0.207911690584 0.178687932605
1.2 0.207911690584 0.182045138291
1.22 0.207911690584 0.185522721397
1.24 0.207911690584 0.189123920228
1.26 0.207911690584 0.192697321572
1.28 0.224951054091 0.196123318245
1.3 0.224951054091 0.199461321713
1.32 0.224951054091 0.202911533959
1.34 0.224951054091 0.206479177008
1.36 0.224951054091 0.210015209587
1.38 0.241921895329 0.213402066432
1.4 0.241921895329 0.216700262746
1.42 0.241921895329 0.220110314928
1.44 0.241921895329 0.223638324235
1.46 0.241921895329 0.227136540494
1.48 0.258819044814 0.230488370474
1.5 0.258819044814 0.233754364245
1.52 0.258819044814 0.237134322451
1.54 0.258819044814 0.240634354185
1.56 0.258819044814 0.244107286614
1.58 0.258819044814 0.247436891253
1.6 0.27563735551 0.250534343493
1.62 0.27563735551 0.253484928247
1.64 0.27563735551 0.256509856401
1.66 0.27563735551 0.259634610606
1.68 0.27563735551 0.262729054662
1.7 0.292371704399 0.265690816812
1.72 0.292371704399 0.268590006561
1.74 0.292371704399 0.271631902073
1.76 0.292371704399 0.274827485283
1.78 0.292371704399 0.278033766075
1.8 0.309016994034 0.281136554656
1.82 0.309016994034 0.284194611858
1.84 0.309016994034 0.287402651522
1.86 0.309016994034 0.290763670382
1.88 0.309016994034 0.294129036991
1.9 0.325568154099 0.297380221403
1.92 0.325568154099 0.300572021887
1.94 0.325568154099 0.303895642143
1.96 0.325568154099 0.307352722976
1.98 0.325568154099 0.310795045046
2 0.342020142951 0.314105070292
2.02 0.342020142951 0.317338153505
2.04 0.342020142951 0.32068569355
2.06 0.342020142951 0.324150983368
2.08 0.342020142951 0.327588554788
2.1 0.358367949154 0.330883534255
2.12 0.358367949154 0.33409286538
2.14 0.358367949154 0.337408621995
2.16 0.358367949154 0.340835854931
2.18 0.358367949154 0.344231646342
2.2 0.374606593009 0.347483301519
2.22 0.374606593009 0.350648610733
2.24 0.374606593009 0.353919399999
2.26 0.374606593009 0.357301529894
2.28 0.374606593009 0.360653696465
2.3 0.390731128067 0.363864445561
2.32 0.390731128067 0.366991463844
2.34 0.390731128067 0.37022540329
2.36 0.390731128067 0.373572147351
2.38 0.390731128067 0.376891358158
2.4 0.390731128067 0.380072265437
2.42 0.406736642639 0.383030275543
2.44 0.406736642639 0.385846570586
2.46 0.406736642639 0.388731754022
2.48 0.406736642639 0.391710209311
2.5 0.406736642639 0.394658256807
2.52 0.422618261289 0.397478661893
2.54 0.422618261289 0.400237957582
2.56 0.422618261289 0.403131018882
2.58 0.422618261289 0.406168372629
2.6 0.422618261289 0.40921445409
2.62 0.438371146323 0.412161054305
2.64 0.438371146323 0.415063723486
2.66 0.438371146323 0.418106743511
2.68 0.438371146323 0.421293011922
2.7 0.438371146323 0.424481968961
2.72 0.45399049926 0.427561572537
2.74 0.45399049926 0.430583442242
2.76 0.45399049926 0.43372800094
2.78 0.45399049926 0.43699684366
2.8 0.45399049926 0.440250191384
2.82 0.469471562293 0.443377255404
2.84 0.469471562293 0.446430035285
2.86 0.469471562293 0.449588628834
2.88 0.469471562293 0.452856196248
2.9 0.469471562293 0.456095967879
2.92 0.48480961974 0.459200001144
2.94 0.48480961974 0.462221658046
2.96 0.48480961974 0.465341167274
2.98 0.48480961974 0.468563352645
3 0.48480961974 0.471754259415
3.02 0.499999999482 0.474808325284
3.04 0.499999999482 0.477779565191
3.06 0.499999999482 0.48084745779
3.08 0.499999999482 0.484017584749
3.1 0.499999999482 0.487157911168
3.12 0.51503807438 0.490164358576
3.14 0.51503807438 0.493090688125
3.16 0.51503807438 0.496114745573
3.18 0.51503807438 0.499242119628
3.2 0.51503807438 0.502342076376
3.22 0.51503807438 0.505311489532
3.24 0.529919263692 0.50807166543
3.26 0.529919263692 0.5106981191
3.28 0.529919263692 0.513386757325
3.3 0.529919263692 0.516160394564
3.32 0.529919263692 0.518904215484
3.34 0.544639034463 0.521528012153
3.36 0.544639034463 0.524093440372
3.38 0.544639034463 0.52678117125
3.4 0.544639034463 0.529601062572
3.42 0.544639034463 0.53242760378
3.44 0.559192902909 0.535160662816
3.46 0.559192902909 0.537851488092
3.48 0.559192902909 0.54067033318
3.5 0.559192902909 0.543619931232
3.52 0.559192902909 0.546570522084
3.54 0.573576435779 0.549418725321
3.56 0.573576435779 0.552211971236
3.58 0.573576435779 0.555116385257
3.6 0.573576435779 0.55813348174
3.62 0.573576435779 0.561134639721
3.64 0.587785251712 0.564017974189
3.66 0.587785251712 0.566831116109
3.68 0.587785251712 0.569739356236
3.7 0.587785251712 0.572745660486
3.72 0.587785251712 0.575724620217
3.74 0.601815022563 0.578577325573
3.76 0.601815022563 0.581352519343
3.78 0.601815022563 0.584215078329
3.8 0.601815022563 0.58716950674
3.82 0.601815022563 0.590093421537
3.84 0.615661474728 0.59289044879
3.86 0.615661474728 0.59560977801
3.88 0.615661474728 0.598415048294
3.9 0.615661474728 0.601311454798
3.92 0.615661474728 0.604178802486
3.94 0.615661474728 0.60692241511
3.96 0.629320390445 0.609470183007
3.98 0.629320390445 0.611891648655
4 0.629320390445 0.614366938156
4.02 0.629320390445 0.61691735628
4.04 0.629320390445 0.619437913122
4.06 0.642787609075 0.621846216109
4.08 0.642787609075 0.624198872372
4.1 0.642787609075 0.626661417344
4.12 0.642787609075 0.629243132446
4.14 0.642787609075 0.631829460091
4.16 0.656059028373 0.634329060504
4.18 0.656059028373 0.636788692932
4.2 0.656059028373 0.639363681117
4.22 0.656059028373 0.642056624258
4.24 0.656059028373 0.644749327238
4.26 0.669130605736 0.647347665002
4.28 0.669130605736 0.649894646993
4.3 0.669130605736 0.652541218933
4.32 0.669130605736 0.655288785546
4.34 0.669130605736 0.658020529995
4.36 0.681998359435 0.660643965583
4.38 0.681998359435 0.663202108029
4.4 0.681998359435 0.665844611263
4.42 0.681998359435 0.6685741936
4.44 0.681998359435 0.671277369355
4.46 0.694658369828 0.673864691379
4.48 0.694658369828 0.676380054216
4.5 0.694658369828 0.678972235692
4.52 0.694658369828 0.68164536947
4.54 0.694658369828 0.684289145048
4.56 0.707106780552 0.686816761583
4.58 0.707106780552 0.689272387685
4.6 0.707106780552 0.691803171092
4.62 0.707106780552 0.69441388102
4.64 0.707106780552 0.696996608038
4.66 0.719339799701 0.699466421043
4.68 0.719339799701 0.701866978123
4.7 0.719339799701 0.704343033686
4.72 0.719339799701 0.706899340289
4.74 0.719339799701 0.709429849079
4.76 0.719339799701 0.711851033712
4.78 0.73135370098 0.71409928241
4.8 0.73135370098 0.716235635325
4.82 0.73135370098 0.718418450697
4.84 0.73135370098 0.720666438195
4.86 0.73135370098 0.722887260552
4.88 0.743144824837 0.725008486229
4.9 0.743144824837 0.727079486297
4.92 0.743144824837 0.72924509262
4.94 0.743144824837 0.731513405751
4.96 0.743144824837 0.73378416194
4.98 0.754709579582 0.73597747443
5 0.754709579582 0.738133918176
5.02 0.754709579582 0.740388775939
5.04 0.754709579582 0.74274433244
5.06 0.754709579582 0.745097681072
5.08 0.766044442478 0.747366942701
5.1 0.766044442478 0.749589281779
5.12 0.766044442478 0.751895567202
5.14 0.766044442478 0.754287083752
5.16 0.766044442478 0.756662670952
5.18 0.777145960817 0.758942317001
5.2 0.777145960817 0.761163043104
5.22 0.777145960817 0.763453979388
5.24 0.777145960817 0.765817575333
5.26 0.777145960817 0.768156092827
5.28 0.788010752968 0.770392580205
5.3 0.788010752968 0.772564646688
5.32 0.788010752968 0.774800017084
5.34 0.788010752968 0.777102366119
5.36 0.788010752968 0.779377215511
5.38 0.798635509411 0.781550306899
5.4 0.798635509411 0.783659289639
5.42 0.798635509411 0.785829808679
5.44 0.798635509411 0.788066069376
5.46 0.798635509411 0.790276166125
5.48 0.809016993742 0.792387847479
5.5 0.809016993742 0.794438112839
5.52 0.809016993742 0.796549858658
5.54 0.809016993742 0.798727250291
5.56 0.809016993742 0.800880482613
5.58 0.809016993742 0.80293890622
5.6 0.81915204366 0.80484879788
5.62 0.81915204366 0.806661695899
5.64 0.81915204366 0.808511319433
5.66 0.81915204366 0.810413640695
5.68 0.81915204366 0.812290995038
5.7 0.829037571931 0.814082537463
5.72 0.829037571931 0.815829644509
5.74 0.829037571931 0.817653810211
5.76 0.829037571931 0.819561960516
5.78 0.829037571931 0.821470218447
5.8 0.838670567326 0.823311823457
5.82 0.838670567326 0.825120471951
5.84 0.838670567326 0.827008846326
5.86 0.838670567326 0.828978925965
5.88 0.838670567326 0.830945131214
5.9 0.848048095543 0.832839442158
5.92 0.848048095543 0.834692461001
5.94 0.848048095543 0.836612427609
5.96 0.848048095543 0.83860046802
5.98 0.848048095543 0.840573026689
6 0.857167300096 0.842464099019
6.02 0.857167300096 0.844303963234
6.04 0.857167300096 0.846198683065
6.06 0.857167300096 0.848150362208
6.08 0.857167300096 0.850078884189
6.1 0.866025403186 0.851921264089
6.12 0.866025403186 0.853708069642
6.14 0.866025403186 0.855543465224
6.16 0.866025403186 0.857430576676
6.18 0.866025403186 0.85929258147
6.2 0.87461970655 0.861069196692
6.22 0.87461970655 0.862790810114
6.24 0.87461970655 0.864559111447
6.26 0.87461970655 0.866377655807
6.28 0.87461970655 0.868172327789
6.3 0.882947592278 0.869884961183
6.32 0.882947592278 0.871545177291
6.34 0.882947592278 0.873251624441
6.36 0.882947592278 0.875007802443
6.38 0.882947592278 0.876741901176
6.4 0.882947592278 0.87839752697
6.42 0.891006523618 0.879931894652
6.44 0.891006523618 0.881386041392
6.46 0.891006523618 0.882866448282
6.48 0.891006523618 0.884386042671
6.5 0.891006523618 0.885883347341
6.52 0.89879404574 0.887310290905
6.54 0.89879404574 0.888699452421
6.56 0.89879404574 0.890146625352
6.58 0.89879404574 0.891657427838
6.6 0.89879404574 0.893166003481
6.62 0.906307786489 0.894620018246
6.64 0.906307786489 0.896045634709
6.66 0.906307786489 0.897530741976
6.68 0.906307786489 0.899076975645
6.7 0.906307786489 0.900617748622
6.72 0.913545457107 0.902100223882
6.74 0.913545457107 0.903547845385
6.76 0.913545457107 0.905044116756
6.78 0.913545457107 0.906589982887
6.8 0.913545457107 0.908121118973
6.82 0.92050485293 0.909586811817
6.84 0.92050485293 0.911010006847
6.86 0.92050485293 0.912471636532
6.88 0.92050485293 0.913973417426
6.9 0.92050485293 0.915454413703
6.92 0.927183854059 0.916866832811
6.94 0.927183854059 0.918233605767
6.96 0.927183854059 0.919633308868
6.98 0.927183854059 0.92106845807
7 0.927183854059 0.922481381746
7.02 0.933580426004 0.923826945696
7.04 0.933580426004 0.925127684602
7.06 0.933580426004 0.926459353658
7.08 0.933580426004 0.927824788557
7.1 0.933580426004 0.929169106699
7.12 0.933580426004 0.930449359301
7.14 0.939692620308 0.931633112045
7.16 0.939692620308 0.932751660161
7.18 0.939692620308 0.933886053571
7.2 0.939692620308 0.935046473901
7.22 0.939692620308 0.936186728096
7.24 0.945518575138 0.937270821044
7.26 0.945518575138 0.938323222715
7.28 0.945518575138 0.939415795769
7.3 0.945518575138 0.940553016114
7.32 0.945518575138 0.941685939288
7.34 0.951056515851 0.94277576673
7.36 0.951056515851 0.943841699486
7.38 0.951056515851 0.944948553078
7.4 0.951056515851 0.946097665703
7.42 0.951056515851 0.94724016471
7.44 0.956304755537 0.948337362883
7.46 0.956304755537 0.949406064332
7.48 0.956304755537 0.950506774608
7.5 0.956304755537 0.951640256644
7.52 0.956304755537 0.952760041078
7.54 0.961261695532 0.953829600593
7.56 0.961261695532 0.954865076911
7.58 0.961261695532 0.955924086178
7.6 0.961261695532 0.957007961797
7.62 0.961261695532 0.958073521196
7.64 0.965925825902 0.959087023743
7.66 0.965925825902 0.960064333202
7.68 0.965925825902 0.961060351807
7.7 0.965925825902 0.962077010868
7.72 0.965925825902 0.963074321276
7.74 0.970295725909 0.96402112817
7.76 0.970295725909 0.964932724204
7.78 0.970295725909 0.965860940483
7.8 0.970295725909 0.966807934932
7.82 0.970295725909 0.967736541963
7.84 0.97437006444 0.968617824006
7.86 0.97437006444 0.969466136542
7.88 0.97437006444 0.970329888369
7.9 0.97437006444 0.971211160708
7.92 0.97437006444 0.972075357159
7.94 0.97437006444 0.972895539764
7.96 0.97814760041 0.97365149929
7.98 0.97814760041 0.974362605319
8 0.97814760041 0.975079131352
8.02 0.97814760041 0.975807669823
8.04 0.97814760041 0.976520056419
8.06 0.981627183147 0.977194484362
8.08 0.981627183147 0.977845473775
8.1 0.981627183147 0.97851602634
8.12 0.981627183147 0.97920903589
8.14 0.981627183147 0.979895595332
8.16 0.984807752735 0.980552930398
8.18 0.984807752735 0.981191828406
8.2 0.984807752735 0.981849485344
8.22 0.984807752735 0.982526812171
8.24 0.984807752735 0.983196016027
8.26 0.987688340342 0.983835251861
8.28 0.987688340342 0.984453428143
8.3 0.987688340342 0.985083689852
8.32 0.987688340342 0.98572659541
8.34 0.987688340342 0.98635693894
8.36 0.990268068514 0.986955090073
8.38 0.990268068514 0.987529160086
8.4 0.990268068514 0.988109122332
8.42 0.990268068514 0.988695883595
8.44 0.990268068514 0.98926735711
8.46 0.99254615144 0.989806496719
8.48 0.99254615144 0.99032083498
8.5 0.99254615144 0.99083726261
8.52 0.99254615144 0.991357030012
8.54 0.99254615144 0.991861089144
8.56 0.994521895193 0.992334832466
8.58 0.994521895193 0.992785014624
8.6 0.994521895193 0.993235208266
8.62 0.994521895193 0.993686763244
8.64 0.994521895193 0.994123427434
8.66 0.996194697944 0.99453279255
8.68 0.996194697944 0.994920601858
8.7 0.996194697944 0.995306889447
8.72 0.996194697944 0.995692912978
8.74 0.996194697944 0.996065054467
8.76 0.996194697944 0.996412967553
8.78 0.99756405014 0.996729146283
8.8 0.99756405014 0.99702076238
8.82 0.99756405014 0.997306451643
8.84 0.99756405014 0.997589212173
8.86 0.99756405014 0.99785958024
8.88 0.998629534664 0.99811048158
8.9 0.998629534664 0.998346316209
8.92 0.998629534664 0.998580490353
8.94 0.998629534664 0.998814350375
8.96 0.998629534664 0.999039667635
8.98 0.999390826958 0.999250201021
9 0.999390826958 0.999448167099
9.02 0.999390826958 0.999642459208
9.04 0.999390826958 0.999833573037
9.06 0.999390826958 1.00001535611
9.08 0.999847695125 1.00018324157
9.1 0.999847695125 1.0003380722
9.12 0.999847695125 1.00048498446
9.14 0.999847695125 1.00062431372
9.16 0.999847695125 1.00075259683
9.18 1 1.00086746856
9.2 1 1.00096883635
9.22 1 1.00105843115
9.24 1 1.00113669921
9.26 1 1.00120306378
9.28 0.999847695188 1.00125749024
9.3 0.999847695188 1.00129901992
9.32 0.999847695188 1.00132599677
9.34 0.999847695188 1.00133895572
9.36 0.999847695188 1.00134015202
9.38 0.999390827083 1.00133180291
9.4 0.999390827083 1.00131198826
9.42 0.999390827083 1.00127555963
9.44 0.999390827083 1.00122303001
9.46 0.999390827083 1.00115937572
9.48 0.998629534852 1.00108895887
9.5 0.998629534852 1.00100879915
9.52 0.998629534852 1.00091016704
9.54 0.998629534852 1.00079347367
9.56 0.998629534852 1.00066634638
9.58 0.998629534852 1.00053523385
9.6 0.997564050391 1.00040548161
9.62 0.997564050391 1.0002719261
9.64 0.997564050391 1.00012120473
9.66 0.997564050391 0.99995266485
9.68 0.997564050391 0.999775729264
9.7 0.996194698257 0.99959819546
9.72 0.996194698257 0.99941425904
9.74 0.996194698257 0.999207470942
9.76 0.996194698257 0.998977604749
9.78 0.996194698257 0.998737271115
9.8 0.994521895568 0.998496884051
9.82 0.994521895568 0.998250046552
9.84 0.994521895568 0.997977176379
9.86 0.994521895568 0.997678344345
9.88 0.994521895568 0.997369158053
9.9 0.992546151877 0.997062417576
9.92 0.992546151877 0.996750883415
9.94 0.992546151877 0.996411583296
9.96 0.992546151877 0.996044622722
9.98 0.992546151877 0.995668348419
10 0.990268069014 0.995297706012
10.02 0.990268069014 0.994924400676
10.04 0.990268069014 0.994521886991
10.06 0.990268069014 0.994090141785
10.08 0.990268069014 0.993650109309
10.1 0.987688340904 0.993218766993
10.12 0.987688340904 0.992786683481
10.14 0.987688340904 0.992323688042
10.16 0.987688340904 0.991829589651
10.18 0.987688340904 0.991327902888
10.2 0.984807753359 0.990837626559
10.22 0.984807753359 0.990348203138
10.24 0.984807753359 0.98982586328
10.26 0.984807753359 0.989270273154
10.28 0.984807753359 0.988707540658
10.3 0.981627183832 0.988158713451
10.32 0.981627183832 0.987612145664
10.34 0.981627183832 0.98703051412
10.36 0.981627183832 0.98641337547
10.38 0.981627183832 0.98578945395
10.4 0.981627183832 0.985181867768
10.42 0.978147601157 0.984608709985
10.44 0.978147601157 0.98405258223
10.46 0.978147601157 0.983468383681
10.48 0.978147601157 0.982851823643
10.5 0.978147601157 0.982231028074
10.52 0.974370065247 0.981628514458
10.54 0.974370065247 0.981028386973
10.56 0.974370065247 0.980384661436
10.58 0.974370065247 0.979695543065
10.6 0.974370065247 0.978994236356
10.62 0.970295726778 0.978307607749
10.64 0.970295726778 0.977620771176
10.66 0.970295726778 0.976886049964
10.68 0.970295726778 0.976103088667
10.7 0.970295726778 0.975308951179
10.72 0.965925826831 0.974533555364
10.74 0.965925826831 0.973761720338
10.76 0.965925826831 0.972942812217
10.78 0.965925826831 0.972076704585
10.8 0.965925826831 0.97120319693
10.82 0.961261696521 0.970354254848
10.84 0.961261696521 0.969513542678
10.86 0.961261696521 0.968626755311
10.88 0.961261696521 0.96769340059
10.9 0.961261696521 0.966755536128
10.92 0.956304756587 0.965846820952
10.94 0.956304756587 0.964949534576
10.96 0.956304756587 0.964005578841
10.98 0.956304756587 0.963014040477
11 0.956304756587 0.96201923571
11.02 0.951056516961 0.961056575132
11.04 0.951056516961 0.960107069293
11.06 0.951056516961 0.959108985241
11.08 0.951056516961 0.958061148812
11.1 0.951056516961 0.957010291335
11.12 0.945518576307 0.955993736335
11.14 0.945518576307 0.95499139907
11.16 0.945518576307 0.953938089157
11.18 0.945518576307 0.95283251739
11.2 0.945518576307 0.95172394582
11.22 0.945518576307 0.95065171223
11.24 0.939692621536 0.949646305022
11.26 0.939692621536 0.948678429683
11.28 0.939692621536 0.947672124975
11.3 0.939692621536 0.946619545681
11.32 0.939692621536 0.945566973472
11.34 0.933580427291 0.94455120755
11.36 0.933580427291 0.943546570063
11.38 0.933580427291 0.942478436738
11.4 0.933580427291 0.941343479359
11.42 0.933580427291 0.940194849979
11.44 0.927183855404 0.939075344542
11.46 0.927183855404 0.937961877655
11.48 0.927183855404 0.936779606184
11.5 0.927183855404 0.935527755345
11.52 0.927183855404 0.934264123912
11.54 0.920504854333 0.933035165225
11.56 0.920504854333 0.931818052495
11.58 0.920504854333 0.930535475755
11.6 0.920504854333 0.929187079135
11.62 0.920504854333 0.92783334023
11.64 0.913545458567 0.926522622435
11.66 0.913545458567 0.925230867205
11.68 0.913545458567 0.923877066733
11.7 0.913545458567 0.922460269455
11.72 0.913545458567 0.921042827741
11.74 0.906307788006 0.91967442708
11.76 0.906307788006 0.918329402767
11.78 0.906307788006 0.916922860028
11.8 0.906307788006 0.915453181126
11.82 0.906307788006 0.913984621366
11.84 0.898794047313 0.912568313899
11.86 0.898794047313 0.911177206962
11.88 0.898794047313 0.909722805555
11.9 0.898794047313 0.908203118034
11.92 0.898794047313 0.906684589588
11.94 0.891006525248 0.90522009315
11.96 0.891006525248 0.903781496028
11.98 0.891006525248 0.902277009494
12 0.891006525248 0.900704523573
12.02 0.891006525248 0.899132879305
12.04 0.891006525248 0.897616868381
12.06 0.882947593964 0.896198781122
12.08 0.882947593964 0.894837997059
12.1 0.882947593964 0.893429173036
12.12 0.882947593964 0.891961062011
12.14 0.882947593964 0.89049720055
12.16 0.87461970829 0.889087953317
12.18 0.87461970829 0.887698360219
12.2 0.87461970829 0.886226609373
12.22 0.87461970829 0.884667903908
12.24 0.87461970829 0.883094308888
12.26 0.866025404981 0.881563716787
12.28 0.866025404981 0.880045292218
12.3 0.866025404981 0.878438482325
12.32 0.866025404981 0.876742108062
12.34 0.866025404981 0.8750335781
12.36 0.857167301945 0.87337497709
12.38 0.857167301945 0.871736276637
12.4 0.857167301945 0.870014995442
12.42 0.857167301945 0.868210555106
12.44 0.857167301945 0.866402934205
12.46 0.848048097446 0.864655952595
12.48 0.848048097446 0.862938297117
12.5 0.848048097446 0.861143833991
12.52 0.848048097446 0.859271170769
12.54 0.848048097446 0.857401740959
12.56 0.838670569281 0.855600289442
12.58 0.838670569281 0.853833706825
12.6 0.838670569281 0.851991954104
12.62 0.838670569281 0.850072740557
12.64 0.838670569281 0.848159009915
12.66 0.829037573938 0.846316622638
12.68 0.829037573938 0.844510991183
12.7 0.829037573938 0.842628580954
12.72 0.829037573938 0.840666621596
12.74 0.829037573938 0.838709978876
12.76 0.819152045719 0.836826046021
12.78 0.819152045719 0.834979189965
12.8 0.819152045719 0.833052810193
12.82 0.819152045719 0.831044017033
12.84 0.819152045719 0.8290398906
12.86 0.819152045719 0.827109610036
12.88 0.809016995852 0.825306444445
12.9 0.809016995852 0.823579238037
12.92 0.809016995852 0.821795316121
12.94 0.809016995852 0.819940248742
12.96 0.809016995852 0.81809359069
12.98 0.798635511572 0.816318291806
13 0.798635511572 0.814570790212
13.02 0.798635511572 0.812724068065
13.04 0.798635511572 0.810771953207
13.06 0.798635511572 0.808804021048
13.08 0.788010755178 0.806892133782
13.1 0.788010755178 0.804998306203
13.12 0.788010755178 0.802998232878
13.14 0.788010755178 0.800890353451
13.16 0.788010755178 0.798770179816
13.18 0.777145963076 0.79671421953
13.2 0.777145963076 0.794685827057
13.22 0.777145963076 0.792559344452
13.24 0.777145963076 0.790333982042
13.26 0.777145963076 0.788107662695
13.28 0.766044444785 0.785958420542
13.3 0.766044444785 0.78384829729
13.32 0.766044444785 0.781648098958
13.34 0.766044444785 0.779356019315
13.36 0.766044444785 0.777070987998
13.38 0.754709581937 0.774871549093
13.4 0.754709581937 0.772717792957
13.42 0.754709581937 0.770476678138
13.44 0.754709581937 0.768145285518
13.46 0.754709581937 0.765823632847
13.48 0.743144827239 0.763591025996
13.5 0.743144827239 0.761406014849
13.52 0.743144827239 0.759132235036
13.54 0.743144827239 0.756766191411
13.56 0.743144827239 0.754409518504
13.58 0.731353703428 0.752142818106
13.6 0.731353703428 0.749923650331
13.62 0.731353703428 0.747612872375
13.64 0.731353703428 0.745206871114
13.66 0.731353703428 0.742809270819
13.68 0.731353703428 0.740502291592
13.7 0.719339802195 0.738349144501
13.72 0.719339802195 0.736289134119
13.74 0.719339802195 0.734164836582
13.76 0.719339802195 0.731958919888
13.78 0.719339802195 0.729765408607
13.8 0.70710678309 0.727658612506
13.82 0.70710678309 0.725587215809
13.84 0.70710678309 0.723401466971
13.86 0.70710678309 0.721093938677
13.88 0.70710678309 0.718769973202
13.9 0.69465837241 0.716514003743
13.92 0.69465837241 0.714281634617
13.94 0.69465837241 0.711927227274
13.96 0.69465837241 0.709448870421
13.98 0.69465837241 0.706958320142
14 0.681998362061 0.70454501777
14.02 0.681998362061 0.702166413892
14.04 0.681998362061 0.699676119704
14.06 0.681998362061 0.69707314963
14.08 0.681998362061 0.694471464871
14.1 0.669130608404 0.691961794991
14.12 0.669130608404 0.689500275376
14.14 0.669130608404 0.686937166458
14.16 0.669130608404 0.684270283378
14.18 0.669130608404 0.68161412635
14.2 0.656059031083 0.679059509895
14.22 0.656059031083 0.676560500915
14.24 0.656059031083 0.67396364501
14.26 0.656059031083 0.671265451484
14.28 0.656059031083 0.668581065374
14.3 0.642787611825 0.666001694363
14.32 0.642787611825 0.66347983254
14.34 0.642787611825 0.660858939942
14.36 0.642787611825 0.658134864658
14.38 0.642787611825 0.655424031783
14.4 0.642787611825 0.652818682848
14.42 0.629320393235 0.650389599953
14.44 0.629320393235 0.648068550571
14.46 0.629320393235 0.645678783126
14.48 0.629320393235 0.643200522535
14.5 0.629320393235 0.640738782935
14.52 0.615661477557 0.63837646145
14.54 0.615661477557 0.63605611019
14.56 0.615661477557 0.633610315242
14.58 0.615661477557 0.631030538098
14.6 0.615661477557 0.628434132061
14.62 0.60181502543 0.625915095488
14.64 0.60181502543 0.623424052848
14.66 0.60181502543 0.620798953333
14.68 0.60181502543 0.618037566746
14.7 0.60181502543 0.615264060628
14.72 0.587785254616 0.612577758086
14.74 0.587785254616 0.609931615358
14.76 0.587785254616 0.607163433515
14.78 0.587785254616 0.604272082676
14.8 0.587785254616 0.601383764374
14.82 0.57357643872 0.598598896004
14.84 0.57357643872 0.595869164297
14.86 0.57357643872 0.593029254337
14.88 0.57357643872 0.590076708143
14.9 0.57357643872 0.587137854035
14.92 0.559192905885 0.584312821743
14.94 0.559192905885 0.581551156735
14.96 0.559192905885 0.578683998274
14.98 0.559192905885 0.575707425584
15 0.559192905885 0.572748002855
15.02 0.544639037474 0.5699059125
15.04 0.544639037474 0.567129112217
15.06 0.544639037474 0.564245901205
15.08 0.544639037474 0.561251622309
15.1 0.544639037474 0.55827379414
15.12 0.529919266736 0.555413377623
15.14 0.529919266736 0.55261748783
15.16 0.529919266736 0.549712318125
15.18 0.529919266736 0.546693096263
15.2 0.529919266736 0.543688804503
15.22 0.529919266736 0.540801622498
15.24 0.515038077457 0.538109949314
15.26 0.515038077457 0.535538512289
15.28 0.515038077457 0.532892071966
15.3 0.515038077457 0.5301488009
15.32 0.515038077457 0.527424724969
15.34 0.500000002591 0.524811400744
15.36 0.500000002591 0.522245767949
15.38 0.500000002591 0.5195436087
15.4 0.500000002591 0.516695547712
15.42 0.500000002591 0.513830751816
15.44 0.48480962288 0.5110526266
15.46 0.48480962288 0.508307170654
15.48 0.48480962288 0.505416670517
15.5 0.48480962288 0.50237866192
15.52 0.48480962288 0.499329279629
15.54 0.469471565462 0.496377351633
15.56 0.469471565462 0.493471569341
15.58 0.469471565462 0.490434628781
15.6 0.469471565462 0.487265231873
15.62 0.469471565462 0.484101220931
15.64 0.453990502458 0.48105220192
15.66 0.453990502458 0.478065615209
15.68 0.453990502458 0.474961325438
15.7 0.453990502458 0.471736557936
15.72 0.453990502458 0.468528795908
15.74 0.43837114955 0.46544693532
15.76 0.43837114955 0.462436237962
15.78 0.43837114955 0.45931329392
15.8 0.43837114955 0.456073731783
15.82 0.43837114955 0.452854821353
15.84 0.422618264542 0.449765145535
15.86 0.422618264542 0.446748415041
15.88 0.422618264542 0.443618736621
15.9 0.422618264542 0.44037095359
15.92 0.422618264542 0.437142922705
15.94 0.422618264542 0.434043719307
15.96 0.406736645918 0.431156899926
15.98 0.406736645918 0.428401909651
16 0.406736645918 0.425570081685
16.02 0.406736645918 0.422637765343
16.04 0.406736645918 0.419728399684
16.06 0.390731131371 0.416939297831
16.08 0.390731131371 0.414203151444
16.1 0.390731131371 0.411323660244
16.12 0.390731131371 0.408290590492
16.14 0.390731131371 0.405241152786
16.16 0.374606596338 0.402285139967
16.18 0.374606596338 0.39936520269
16.2 0.374606596338 0.396292628049
16.22 0.374606596338 0.393064696768
16.24 0.374606596338 0.389825789138
16.26 0.358367952506 0.386691285386
16.28 0.358367952506 0.383606952429
16.3 0.358367952506 0.380385100875
16.32 0.358367952506 0.377024329815
16.34 0.358367952506 0.373670507642
16.36 0.342020146324 0.37043957788
16.38 0.342020146324 0.36727614938
16.4 0.342020146324 0.363990036173
16.42 0.342020146324 0.360578279992
16.44 0.342020146324 0.357185983296
16.46 0.325568157493 0.353928023297
16.48 0.325568157493 0.350746825809
16.5 0.325568157493 0.347449206745
16.52 0.325568157493 0.344030500854
16.54 0.325568157493 0.340635185289
16.56 0.309016997448 0.337377485037
16.58 0.309016997448 0.334198307068
16.6 0.309016997448 0.330902311565
16.62 0.309016997448 0.327483994333
16.64 0.309016997448 0.324088066588
16.66 0.292371707831 0.320828967735
16.68 0.292371707831 0.317646972267
16.7 0.292371707831 0.314345455417
16.72 0.292371707831 0.310918812555
16.74 0.292371707831 0.307512595842
16.76 0.292371707831 0.304241983135
16.78 0.275637358961 0.301195220849
16.8 0.275637358961 0.298287590902
16.82 0.275637358961 0.295299345519
16.84 0.275637358961 0.292205651213
16.86 0.275637358961 0.289136629918
16.88 0.258819048281 0.286194847098
16.9 0.258819048281 0.283309796737
16.92 0.258819048281 0.28027534984
16.94 0.258819048281 0.27708082293
16.96 0.258819048281 0.273870405549
16.98 0.241921898812 0.270759429239
17 0.241921898812 0.267687967276
17.02 0.241921898812 0.264458342329
17.04 0.241921898812 0.261067705123
17.06 0.241921898812 0.257667291684
17.08 0.224951057589 0.254377900066
17.1 0.224951057589 0.251142958893
17.12 0.224951057589 0.247766331754
17.14 0.224951057589 0.244246496259
17.16 0.224951057589 0.240735781829
17.18 0.207911694095 0.23735520109
17.2 0.207911694095 0.234047080978
17.22 0.207911694095 0.23061316602
17.24 0.207911694095 0.227050280597
17.26 0.207911694095 0.223509521456
17.28 0.190808998685 0.220110444757
17.3 0.190808998685 0.216793237353
17.32 0.190808998685 0.213357032789
17.34 0.190808998685 0.209796876757
17.36 0.190808998685 0.206262809054
17.38 0.173648181006 0.202873388019
17.4 0.173648181006 0.19956737699
17.42 0.173648181006 0.196142197743
17.44 0.173648181006 0.192592040249
17.46 0.173648181006 0.189066798236
17.48 0.156434468409 0.185684947578
17.5 0.156434468409 0.182384760823
17.52 0.156434468409 0.178962861594
17.54 0.156434468409 0.17541335785
17.56 0.156434468409 0.171886631972
17.58 0.156434468409 0.168501623964
17.6 0.139173104357 0.165349403816
17.62 0.139173104357 0.162342555253
17.64 0.139173104357 0.159254320663
17.66 0.139173104357 0.156058950534
17.68 0.139173104357 0.152890499454
17.7 0.12186934683 0.149854578188
17.72 0.12186934683 0.146878657531
17.74 0.12186934683 0.143750611323
17.76 0.12186934683 0.140459354064
17.78 0.12186934683 0.137153109518
17.8 0.104528466719 0.13395038747
17.82 0.104528466719 0.130789756835
17.84 0.104528466719 0.127468351283
17.86 0.104528466719 0.123983194527
17.88 0.104528466719 0.120489399936
17.9 0.0871557462245 0.117110812955
17.92 0.0871557462245 0.113789618967
17.94 0.0871557462245 0.110325056934
17.96 0.0871557462245 0.106715526035
17.98 0.0871557462245 0.103116871695
18 0.0697564772456 0.0996528446902
18.02 0.0697564772456 0.0962646398094
18.04 0.0697564772456 0.0927498194212
18.06 0.0697564772456 0.0891050809608
18.08 0.0697564772456 0.0854846021741
18.1 0.0523359597681 0.0820103170511
18.12 0.0523359597681 0.0786213612782
18.14 0.0523359597681 0.0751131165748
18.16 0.0523359597681 0.0714804540174
18.18 0.0523359597681 0.0678760707307
18.2 0.0348995002502 0.0644205629166
18.22 0.0348995002502 0.061051751513
18.24 0.0348995002502 0.057563769597
18.26 0.0348995002502 0.0539506188357
18.28 0.0348995002502 0.0503644603758
18.3 0.0348995002502 0.0469255012596
18.32 0.0174524100066 0.0437256427478
18.34 0.0174524100066 0.0406762748509
18.36 0.0174524100066 0.0375478714478
18.38 0.0174524100066 0.0343140278247
18.4 0.0174524100066 0.0311098360945
18.42 3.58979347393e-09 0.0280416311062
18.44 3.58979347393e-09 0.0250360316806
18.46 3.58979347393e-09 0.0218788315197
18.48 3.58979347393e-09 0.0185585776872
18.5 3.58979347393e-09 0.0152244930025
18.52 -0.0174524028281 0.0119958389751
18.54 -0.0174524028281 0.00881073757458
18.56 -0.0174524028281 0.00546493425389
18.58 -0.0174524028281 0.00195532746687
18.6 -0.0174524028281 -0.00156209248698
18.62 -0.034899493075 -0.00496281185045
18.64 -0.034899493075 -0.00830481615049
18.66 -0.034899493075 -0.0117897016776
18.68 -0.034899493075 -0.0154190950869
18.7 -0.034899493075 -0.0190365369556
18.72 -0.0523359525983 -0.0225178256249
18.74 -0.0523359525983 -0.0259217848272
18.76 -0.0523359525983 -0.0294512454428
18.78 -0.0523359525983 -0.0331095336781
18.8 -0.0523359525983 -0.0367422034729
18.82 -0.0697564700835 -0.040227155348
18.84 -0.0697564700835 -0.0436251733064
18.86 -0.0697564700835 -0.0471408669237
18.88 -0.0697564700835 -0.0507794145223
18.9 -0.0697564700835 -0.0543882135501
18.92 -0.0871557390722 -0.0578467955345
18.94 -0.0871557390722 -0.061217160378
18.96 -0.0871557390722 -0.0647047579987
18.98 -0.0871557390722 -0.0683156506523
19 -0.0871557390722 -0.0718981198657
19.02 -0.104528459579 -0.0753323624094
19.04 -0.104528459579 -0.0786806105893
19.06 -0.104528459579 -0.0821481917641
19.08 -0.104528459579 -0.0857412333406
19.1 -0.104528459579 -0.089308226085
19.12 -0.104528459579 -0.092729450064
19.14 -0.121869339704 -0.095913347244
19.16 -0.121869339704 -0.0989478025265
19.18 -0.121869339704 -0.10206079027
19.2 -0.121869339704 -0.105278430493
19.22 -0.121869339704 -0.108466358509
19.24 -0.139173097247 -0.111518818566
19.26 -0.139173097247 -0.114508325516
19.28 -0.139173097247 -0.1176470972
19.3 -0.139173097247 -0.120946393182
19.32 -0.139173097247 -0.124258224177
19.34 -0.156434461317 -0.12746435544
19.36 -0.156434461317 -0.130625812397
19.38 -0.156434461317 -0.133944528167
19.4 -0.156434461317 -0.137423560178
19.42 -0.156434461317 -0.140908676723
19.44 -0.173648173935 -0.144276825708
19.46 -0.173648173935 -0.147585116352
19.48 -0.173648173935 -0.151032434525
19.5 -0.173648173935 -0.154620441918
19.52 -0.173648173935 -0.158194883755
19.54 -0.190808991637 -0.161633372023
19.56 -0.190808991637 -0.164993747901
19.58 -0.190808991637 -0.168475663488
19.6 -0.190808991637 -0.172082483895
19.62 -0.190808991637 -0.175662344422
19.64 -0.207911687072 -0.179095249729
19.66 -0.207911687072 -0.182440842751
19.68 -0.207911687072 -0.185900042923
19.7 -0.207911687072 -0.189478035837
19.72 -0.207911687072 -0.193025148821
19.74 -0.224951050593 -0.196423287471
19.76 -0.224951050593 -0.199733139269
19.78 -0.224951050593 -0.203155946473
19.8 -0.224951050593 -0.206697744705
19.82 -0.224951050593 -0.210210094859
19.84 -0.241921891846 -0.213575842111
19.86 -0.241921891846 -0.216855742983
19.88 -0.241921891846 -0.220250410244
19.9 -0.241921891846 -0.223765921139
19.92 -0.241921891846 -0.227254405157
19.94 -0.241921891846 -0.230599075183
19.96 -0.258819041346 -0.233710672611
19.98 -0.258819041346 -0.236674862041
20 -0.258819041346 -0.239713869929
20.02 -0.258819041346 -0.242853276679
20.04 -0.258819041346 -0.245962314873
20.06 -0.27563735206 -0.248938112844
20.08 -0.27563735206 -0.251851139184
20.1 -0.27563735206 -0.254907703909
20.12 -0.27563735206 -0.258118841511
20.14 -0.27563735206 -0.261340838401
20.16 -0.292371700966 -0.264458923203
20.18 -0.292371700966 -0.26753219018
20.2 -0.292371700966 -0.270756404998
20.22 -0.292371700966 -0.274134582814
20.24 -0.292371700966 -0.27751729309
20.26 -0.309016990619 -0.280785362941
20.28 -0.309016990619 -0.283993920757
20.3 -0.309016990619 -0.287335265233
20.32 -0.309016990619 -0.290811045028
20.34 -0.309016990619 -0.294272189111
20.36 -0.325568150705 -0.29760047667
20.38 -0.325568150705 -0.30085160865
20.4 -0.325568150705 -0.304218138974
20.42 -0.325568150705 -0.307703372699
20.44 -0.325568150705 -0.311160950016
20.46 -0.342020139578 -0.314475284985
20.48 -0.342020139578 -0.317703690983
20.5 -0.342020139578 -0.32103946217
20.52 -0.342020139578 -0.324487669411
20.54 -0.342020139578 -0.327904465529
20.56 -0.358367945803 -0.331176414591
20.58 -0.358367945803 -0.334361699538
20.6 -0.358367945803 -0.337653430115
20.62 -0.358367945803 -0.341057492641
20.64 -0.358367945803 -0.344431613751
20.66 -0.358367945803 -0.347663566494
20.68 -0.374606589681 -0.350667716335
20.7 -0.374606589681 -0.353526640262
20.72 -0.374606589681 -0.356454231351
20.74 -0.374606589681 -0.359475450302
20.76 -0.374606589681 -0.362465030334
20.78 -0.390731124763 -0.365324521129
20.8 -0.390731124763 -0.368121709851
20.82 -0.390731124763 -0.371054652134
20.84 -0.390731124763 -0.374134199238
20.86 -0.390731124763 -0.377222841129
20.88 -0.406736639359 -0.38021080907
20.9 -0.406736639359 -0.383154671791
20.92 -0.406736639359 -0.386241750997
20.94 -0.406736639359 -0.389475037399
20.96 -0.406736639359 -0.392711731636
20.98 -0.422618258035 -0.395837982898
21 -0.422618258035 -0.398906310019
21.02 -0.422618258035 -0.402100164333
21.04 -0.422618258035 -0.405421139611
21.06 -0.422618258035 -0.408727060925
21.08 -0.438371143097 -0.411905215332
21.1 -0.438371143097 -0.415008506739
21.12 -0.438371143097 -0.418220162789
21.14 -0.438371143097 -0.421543348788
21.16 -0.438371143097 -0.424838830491
21.18 -0.453990496061 -0.42799669878
21.2 -0.453990496061 -0.431071283401
21.22 -0.453990496061 -0.43424608848
21.24 -0.453990496061 -0.437525982103
21.26 -0.453990496061 -0.440774498641
21.28 -0.469471559123 -0.443884079452
21.3 -0.469471559123 -0.446909773925
21.32 -0.469471559123 -0.450034477539
21.34 -0.469471559123 -0.453263846766
21.36 -0.469471559123 -0.456463277643
21.38 -0.484809616601 -0.459526650666
21.4 -0.484809616601 -0.462508810607
21.42 -0.484809616601 -0.465591142363
21.44 -0.484809616601 -0.468779321916
21.46 -0.484809616601 -0.471939971461
21.48 -0.484809616601 -0.474967863295
21.5 -0.499999996373 -0.477782684606
21.52 -0.499999996373 -0.48046151427
21.54 -0.499999996373 -0.483204307518
21.56 -0.499999996373 -0.486034318074
21.58 -0.499999996373 -0.488834301179
21.6 -0.515038071303 -0.49151212493
21.62 -0.515038071303 -0.49413078386
21.64 -0.515038071303 -0.49687484408
21.66 -0.515038071303 -0.499754351079
21.68 -0.515038071303 -0.50264104469
21.7 -0.529919260648 -0.505432585139
21.72 -0.529919260648 -0.508181394106
21.74 -0.529919260648 -0.511061555091
21.76 -0.529919260648 -0.514075847575
21.78 -0.529919260648 -0.517091565515
21.8 -0.544639031452 -0.520002966863
21.82 -0.544639031452 -0.522858618871
21.84 -0.544639031452 -0.525828535944
21.86 -0.544639031452 -0.528914254882
21.88 -0.544639031452 -0.531984120565
21.9 -0.559192899933 -0.534933828099
21.92 -0.559192899933 -0.537812190594
21.94 -0.559192899933 -0.540788514026
21.96 -0.559192899933 -0.543865817982
21.98 -0.559192899933 -0.546915614818
22 -0.573576432839 -0.54983654811
22.02 -0.573576432839 -0.552678607933
22.04 -0.573576432839 -0.555610822463
22.06 -0.573576432839 -0.558637784116
22.08 -0.573576432839 -0.561633983848
22.1 -0.587785248807 -0.564500567052
22.12 -0.587785248807 -0.567288023312
22.14 -0.587785248807 -0.570164263352
22.16 -0.587785248807 -0.573134588783
22.18 -0.587785248807 -0.576075615499
22.2 -0.601815019696 -0.578890136202
22.22 -0.601815019696 -0.581628276792
22.24 -0.601815019696 -0.584455990943
22.26 -0.601815019696 -0.587378574883
22.28 -0.601815019696 -0.590274179947
22.3 -0.601815019696 -0.593046739925
22.32 -0.6156614719 -0.595622998849
22.34 -0.6156614719 -0.598073249804
22.36 -0.6156614719 -0.600579856238
22.38 -0.6156614719 -0.603164162414
22.4 -0.6156614719 -0.605719478833
22.42 -0.629320387656 -0.608162028521
22.44 -0.629320387656 -0.610549015638
22.46 -0.629320387656 -0.613048132764
22.48 -0.629320387656 -0.615668609005
22.5 -0.629320387656 -0.618294090017
22.52 -0.642787606326 -0.620831790362
22.54 -0.642787606326 -0.623329072073
22.56 -0.642787606326 -0.625943475305
22.58 -0.642787606326 -0.628677574708
22.6 -0.642787606326 -0.631411380579
22.62 -0.656059025664 -0.634049339926
22.64 -0.656059025664 -0.636635130031
22.66 -0.656059025664 -0.639322013622
22.68 -0.656059025664 -0.642111425075
22.7 -0.656059025664 -0.644884768601
22.72 -0.669130603069 -0.64754814931
22.74 -0.669130603069 -0.650145307973
22.76 -0.669130603069 -0.652828300602
22.78 -0.669130603069 -0.655599909273
22.8 -0.669130603069 -0.658344861902
22.82 -0.68199835681 -0.660972297642
22.84 -0.68199835681 -0.663526866661
22.86 -0.68199835681 -0.666159807108
22.88 -0.68199835681 -0.668875325567
22.9 -0.68199835681 -0.671561295115
22.92 -0.694658367245 -0.6741294753
22.94 -0.694658367245 -0.676624802418
22.96 -0.694658367245 -0.679196926462
22.98 -0.694658367245 -0.68185068587
23 -0.694658367245 -0.684476315143
23.02 -0.707106778014 -0.686987410416
23.04 -0.707106778014 -0.689428403899
23.06 -0.707106778014 -0.691946590057
23.08 -0.707106778014 -0.694546785352
23.1 -0.707106778014 -0.697121045651
23.12 -0.707106778014 -0.699584340212
23.14 -0.719339797208 -0.701871900092
23.16 -0.719339797208 -0.704045868753
23.18 -0.719339797208 -0.706267472547
23.2 -0.719339797208 -0.708555734749
23.22 -0.719339797208 -0.710816601268
23.24 -0.731353698532 -0.712976283835
23.26 -0.731353698532 -0.715085085529
23.28 -0.731353698532 -0.717290563706
23.3 -0.731353698532 -0.719600953272
23.32 -0.731353698532 -0.721914071799
23.34 -0.743144822435 -0.724148495153
23.36 -0.743144822435 -0.72634560452
23.38 -0.743144822435 -0.728643330726
23.4 -0.743144822435 -0.731043993567
23.42 -0.743144822435 -0.733442655021
23.44 -0.754709577227 -0.735755810696
23.46 -0.754709577227 -0.738021397367
23.48 -0.754709577227 -0.740372942499
23.5 -0.754709577227 -0.742811749581
23.52 -0.754709577227 -0.745234589913
23.54 -0.766044440171 -0.747559805597
23.56 -0.766044440171 -0.749825213153
23.58 -0.766044440171 -0.752162658516
23.6 -0.766044440171 -0.75457463164
23.62 -0.766044440171 -0.756961319227
23.64 -0.777145958558 -0.759244124159
23.66 -0.777145958558 -0.761461487336
23.68 -0.777145958558 -0.763743912972
23.7 -0.777145958558 -0.766095139757
23.72 -0.777145958558 -0.768418605184
23.74 -0.788010750758 -0.770638400377
23.76 -0.788010750758 -0.772793033664
23.78 -0.788010750758 -0.775010981529
23.8 -0.788010750758 -0.777296525079
23.82 -0.788010750758 -0.779555653924
23.84 -0.798635507251 -0.781714449437
23.86 -0.798635507251 -0.783810785383
23.88 -0.798635507251 -0.785970430173
23.9 -0.798635507251 -0.788197626828
23.92 -0.798635507251 -0.790400436833
23.94 -0.798635507251 -0.792506520012
23.96 -0.809016991632 -0.79446085517
23.98 -0.809016991632 -0.796316226654
24 -0.809016991632 -0.798209585683
24.02 -0.809016991632 -0.800157264329
24.04 -0.809016991632 -0.802079674598
24.06 -0.819152041601 -0.803914453164
24.08 -0.819152041601 -0.805704022956
24.1 -0.819152041601 -0.807572934087
24.12 -0.819152041601 -0.809528266986
24.14 -0.819152041601 -0.811484000017
24.16 -0.829037569923 -0.813371655176
24.18 -0.829037569923 -0.815225827366
24.2 -0.829037569923 -0.817162153406
24.22 -0.829037569923 -0.819182653081
24.24 -0.829037569923 -0.821199482541
24.26 -0.838670565371 -0.823142811303
24.28 -0.838670565371 -0.825044097226
24.3 -0.838670565371 -0.827014533547
24.32 -0.838670565371 -0.829055267483
24.34 -0.838670565371 -0.831080446647
24.36 -0.848048093641 -0.8330222395
24.38 -0.848048093641 -0.83491180225
24.4 -0.848048093641 -0.836858204518
24.42 -0.848048093641 -0.838863595666
24.44 -0.848048093641 -0.840845563931
24.46 -0.857167298247 -0.842739305723
24.48 -0.857167298247 -0.844576304468
24.5 -0.857167298247 -0.846463790321
24.52 -0.857167298247 -0.848404961313
24.54 -0.857167298247 -0.850320698834
24.56 -0.866025401391 -0.852148903058
24.58 -0.866025401391 -0.853920904827
24.6 -0.866025401391 -0.85574150647
24.62 -0.866025401391 -0.857614348437
24.64 -0.866025401391 -0.859463005252
24.66 -0.874619704809 -0.861227482272
24.68 -0.874619704809 -0.862938357647
24.7 -0.874619704809 -0.864697425794
24.72 -0.874619704809 -0.866508273711
24.74 -0.874619704809 -0.868296757982
24.76 -0.874619704809 -0.870004637015
24.78 -0.882947590593 -0.871587708289
24.8 -0.882947590593 -0.873088369649
24.82 -0.882947590593 -0.874616631584
24.84 -0.882947590593 -0.876185817074
24.86 -0.882947590593 -0.877732353318
24.88 -0.891006521988 -0.87920651576
24.9 -0.891006521988 -0.880642021463
24.92 -0.891006521988 -0.882137989076
24.94 -0.891006521988 -0.883700206738
24.96 -0.891006521988 -0.885260487915
24.98 -0.898794044166 -0.886764633581
25 -0.898794044166 -0.888239779003
25.02 -0.898794044166 -0.889777016258
25.04 -0.898794044166 -0.891378025804
25.06 -0.898794044166 -0.892973767745
25.08 -0.906307784972 -0.894509444677
25.1 -0.906307784972 -0.896009423252
25.12 -0.906307784972 -0.897560398228
25.14 -0.906307784972 -0.899163338221
25.16 -0.906307784972 -0.900751438176
25.18 -0.913545455647 -0.902272013176
25.2 -0.913545455647 -0.903748952698
25.22 -0.913545455647 -0.905266427133
25.24 -0.913545455647 -0.906826203414
25.26 -0.913545455647 -0.908364875367
25.28 -0.920504851528 -0.909832694257
25.3 -0.920504851528 -0.911253573245
25.32 -0.920504851528 -0.912709381318
25.34 -0.920504851528 -0.914202713599
25.36 -0.920504851528 -0.915673435327
25.38 -0.927183852714 -0.917074464433
25.4 -0.927183852714 -0.918429344452
25.42 -0.927183852714 -0.919817163699
25.44 -0.927183852714 -0.921240851111
25.46 -0.927183852714 -0.922643053661
25.48 -0.933580424718 -0.923978868415
25.5 -0.933580424718 -0.925270982743
25.52 -0.933580424718 -0.926595235753
25.54 -0.933580424718 -0.927954488604
25.56 -0.933580424718 -0.929293836095
25.58 -0.933580424718 -0.930570268825
25.6 -0.939692619081 -0.9317512633
25.62 -0.939692619081 -0.932868005636
25.64 -0.939692619081 -0.934001424364
25.66 -0.939692619081 -0.935161574055
25.68 -0.939692619081 -0.936302134471
25.7 -0.94551857397 -0.937386987659
25.72 -0.94551857397 -0.938440488557
25.74 -0.94551857397 -0.939534395111
25.76 -0.94551857397 -0.940673090512
25.78 -0.94551857397 -0.941807550504
25.8 -0.951056514742 -0.942898909959
25.82 -0.951056514742 -0.943966316353
25.84 -0.951056514742 -0.945074544016
25.86 -0.951056514742 -0.94622490137
25.88 -0.951056514742 -0.947368496258
25.9 -0.956304754488 -0.948466630923
25.92 -0.956304754488 -0.949536106541
25.94 -0.956304754488 -0.950637431975
25.96 -0.956304754488 -0.95177137839
25.98 -0.956304754488 -0.952891488343
26 -0.961261694542 -0.953961248996
26.02 -0.961261694542 -0.95499681811
26.04 -0.961261694542 -0.956055828565
26.06 -0.961261694542 -0.957139630478
26.08 -0.961261694542 -0.958205057386
26.1 -0.965925824973 -0.959218383718
26.12 -0.965925824973 -0.960195486923
26.14 -0.965925824973 -0.961191281336
26.16 -0.965925824973 -0.962207708659
26.18 -0.965925824973 -0.963204788437
26.2 -0.970295725041 -0.964151372756
26.22 -0.970295725041 -0.965062759594
26.24 -0.970295725041 -0.965990783891
26.26 -0.970295725041 -0.966937606059
26.28 -0.970295725041 -0.967866061835
26.3 -0.974370063632 -0.968747213977
26.32 -0.974370063632 -0.969595417489
26.34 -0.974370063632 -0.970459080052
26.36 -0.974370063632 -0.971340281296
26.38 -0.974370063632 -0.972204422899
26.4 -0.974370063632 -0.973024564784
26.42 -0.978147599664 -0.973780495515
26.44 -0.978147599664 -0.974491582477
26.46 -0.978147599664 -0.975208097059
26.48 -0.978147599664 -0.975936629725
26.5 -0.978147599664 -0.976649014371
26.52 -0.981627182462 -0.977323442643
26.54 -0.981627182462 -0.977974433306
26.56 -0.981627182462 -0.978644986923
26.58 -0.981627182462 -0.979337996422
26.6 -0.981627182462 -0.980024554025
26.62 -0.984807752112 -0.980681884968
26.64 -0.984807752112 -0.981320776252
26.66 -0.984807752112 -0.981978423701
26.68 -0.984807752112 -0.982655738236
26.7 -0.984807752112 -0.983324927066
26.72 -0.987688339781 -0.983964145291
26.74 -0.987688339781 -0.984582301595
26.76 -0.987688339781 -0.985212541209
26.78 -0.987688339781 -0.985855422838
26.8 -0.987688339781 -0.986485740894
26.82 -0.990268068014 -0.987083865295
26.84 -0.990268068014 -0.987657907595
26.86 -0.990268068014 -0.988237841406
26.88 -0.990268068014 -0.988824573748
26.9 -0.990268068014 -0.989396018059
26.92 -0.992546151002 -0.989935128357
26.94 -0.992546151002 -0.990449437347
26.96 -0.992546151002 -0.990965835864
26.98 -0.992546151002 -0.991485574399
27 -0.992546151002 -0.991989604973
27.02 -0.994521894818 -0.992463320086
27.04 -0.994521894818 -0.992913474407
27.06 -0.994521894818 -0.993363640585
27.08 -0.994521894818 -0.993815168464
27.1 -0.994521894818 -0.994251805899
27.12 -0.996194697631 -0.994661144576
27.14 -0.996194697631 -0.995048927727
27.16 -0.996194697631 -0.995435189404
27.18 -0.996194697631 -0.99582118723
27.2 -0.996194697631 -0.996193303183
27.22 -0.996194697631 -0.996541190865
27.24 -0.99756404989 -0.996857344289
27.26 -0.99756404989 -0.997148935149
27.28 -0.99756404989 -0.997434599215
27.3 -0.99756404989 -0.997717334568
27.32 -0.99756404989 -0.997987677457
27.34 -0.998629534476 -0.998238553603
27.36 -0.998629534476 -0.998474363011
27.38 -0.998629534476 -0.998708511898
27.4 -0.998629534476 -0.998942346624
27.42 -0.998629534476 -0.999167638546
27.44 -0.999390826833 -0.999378146548
27.46 -0.999390826833 -0.999576087201
27.48 -0.999390826833 -0.999770353847
27.5 -0.999390826833 -0.999961442177
27.52 -0.999390826833 -1.00014319972
27.54 -0.999847695063 -1.00031105962
27.56 -0.999847695063 -1.00046586467
27.58 -0.999847695063 -1.00061275134
27.6 -0.999847695063 -1.000752055
27.62 -0.999847695063 -1.0008803125
27.64 -1 -1.00099515861
27.66 -1 -1.00109650079
27.68 -1 -1.00118606998
27.7 -1 -1.00126431244
27.72 -1 -1.00133065141
27.74 -0.999847695251 -1.00138505228
27.76 -0.999847695251 -1.00142655639
27.78 -0.999847695251 -1.00145350767
27.8 -0.999847695251 -1.00146644107
27.82 -0.999847695251 -1.00146761183
27.84 -0.999390827208 -1.00145923718
27.86 -0.999390827208 -1.00143939702
27.88 -0.999390827208 -1.00140294288
27.9 -0.999390827208 -1.00135038776
27.92 -0.999390827208 -1.00128670798
27.94 -0.99862953504 -1.00121626565
27.96 -0.99862953504 -1.00113608045
27.98 -0.99862953504 -1.00103742287
28 -0.99862953504 -1.00092070404
28.02 -0.99862953504 -1.0007935513
28.04 -0.99862953504 -1.00066241332
28.06 -0.997564050641 -1.00053263564
28.08 -0.997564050641 -1.00039905469
28.1 -0.997564050641 -1.00024830788
28.12 -0.997564050641 -1.00007974257
28.14 -0.997564050641 -0.999902781561
28.16 -0.99619469857 -0.999725222334
28.18 -0.99619469857 -0.999541260497
28.2 -0.99619469857 -0.999334446985
28.22 -0.99619469857 -0.999104555385
28.24 -0.99619469857 -0.998864196347
28.26 -0.994521895944 -0.998623783883
28.28 -0.994521895944 -0.998376920988
28.3 -0.994521895944 -0.998104025425
28.32 -0.994521895944 -0.997805168006
28.34 -0.994521895944 -0.997495956334
28.36 -0.992546152315 -0.99718919048
28.38 -0.992546152315 -0.996877630948
28.4 -0.992546152315 -0.996538305463
28.42 -0.992546152315 -0.996171319529
28.44 -0.992546152315 -0.995795019871
28.46 -0.990268069513 -0.995424352112
28.48 -0.990268069513 -0.995051021431
28.5 -0.990268069513 -0.994648482405
28.52 -0.990268069513 -0.994216711865
28.54 -0.990268069513 -0.993776654059
28.56 -0.987688341466 -0.993345286418
28.58 -0.987688341466 -0.992913177586
28.6 -0.987688341466 -0.992450156833
28.62 -0.987688341466 -0.991956033133
28.64 -0.987688341466 -0.991454321066
28.66 -0.984807753982 -0.990964019438
28.68 -0.984807753982 -0.990474570722
28.7 -0.984807753982 -0.989952205575
28.72 -0.984807753982 -0.989396590166
28.74 -0.984807753982 -0.988833832392
28.76 -0.981627184517 -0.988284979912
28.78 -0.981627184517 -0.987738386855
28.8 -0.981627184517 -0.987156730048
28.82 -0.981627184517 -0.98653956614
28.84 -0.981627184517 -0.985915619367
28.86 -0.981627184517 -0.985308007936
28.88 -0.978147601903 -0.984734824909
28.9 -0.978147601903 -0.984178671915
28.92 -0.978147601903 -0.983594448131
28.94 -0.978147601903 -0.982977862864
28.96 -0.978147601903 -0.982357042071
28.98 -0.974370066055 -0.981754503235
29 -0.974370066055 -0.981154350535
29.02 -0.974370066055 -0.980510599789
29.04 -0.974370066055 -0.979821456215
29.06 -0.974370066055 -0.979120124307
29.08 -0.970295727646 -0.978433470507
29.1 -0.970295727646 -0.977746608744
29.12 -0.970295727646 -0.977011862349
29.14 -0.970295727646 -0.976228875875
29.16 -0.970295727646 -0.975434713214
29.18 -0.96592582776 -0.97465929223
29.2 -0.96592582776 -0.973887432042
29.22 -0.96592582776 -0.973068498762
29.24 -0.96592582776 -0.972202365978
29.26 -0.96592582776 -0.971328833176
29.28 -0.96126169751 -0.970479865952
29.3 -0.96126169751 -0.969639128643
29.32 -0.96126169751 -0.968752316144
29.34 -0.96126169751 -0.967818936297
29.36 -0.96126169751 -0.966881046713
29.38 -0.956304757636 -0.965972306419
29.4 -0.956304757636 -0.96507499493
29.42 -0.956304757636 -0.964131014087
29.44 -0.956304757636 -0.963139450622
29.46 -0.956304757636 -0.962144620758
29.48 -0.95105651807 -0.961181935087
29.5 -0.95105651807 -0.960232404161
29.52 -0.95105651807 -0.959234295026
29.54 -0.95105651807 -0.95818643352
29.56 -0.95105651807 -0.957135550971
29.58 -0.945518577476 -0.956118970904
29.6 -0.945518577476 -0.955116608576
29.62 -0.945518577476 -0.954063273606
29.64 -0.945518577476 -0.952957676786
29.66 -0.945518577476 -0.95184908017
29.68 -0.945518577476 -0.950776821537
29.7 -0.939692622764 -0.94977138929
29.72 -0.939692622764 -0.948803488918
29.74 -0.939692622764 -0.947797159182
29.76 -0.939692622764 -0.946744554864
29.78 -0.939692622764 -0.945691957637
29.8 -0.933580428577 -0.944676166702
29.82 -0.933580428577 -0.943671504205
29.84 -0.933580428577 -0.942603345877
29.86 -0.933580428577 -0.9414683635
29.88 -0.933580428577 -0.940319709127
29.9 -0.927183856748 -0.939200178702
29.92 -0.927183856748 -0.938086686831
29.94 -0.927183856748 -0.936904390383
29.96 -0.927183856748 -0.935652514571
29.98 -0.927183856748 -0.934388858172
30 -0.920504855736 -0.933159874522
30.02 -0.920504855736 -0.931942736834
30.04 -0.920504855736 -0.930660135141
30.06 -0.920504855736 -0.929311713574
30.08 -0.920504855736 -0.927957949727
30.1 -0.913545460027 -0.926647206995
30.12 -0.913545460027 -0.925355426832
30.14 -0.913545460027 -0.924001601432
30.16 -0.913545460027 -0.922584779232
30.18 -0.913545460027 -0.921167312601
30.2 -0.906307789523 -0.919798887028
30.22 -0.906307789523 -0.918453837807
30.24 -0.906307789523 -0.917047270166
30.26 -0.906307789523 -0.915577566366
30.28 -0.906307789523 -0.914108981714
30.3 -0.898794048887 -0.912692649359
30.32 -0.898794048887 -0.911301517539
30.34 -0.898794048887 -0.909847091254
30.36 -0.898794048887 -0.908327378861
30.38 -0.898794048887 -0.906808825547
30.4 -0.891006526877 -0.905344304246
30.42 -0.891006526877 -0.903905682266
30.44 -0.891006526877 -0.902401170878
30.46 -0.891006526877 -0.90082866011
30.48 -0.891006526877 -0.899256990999
30.5 -0.891006526877 -0.897740955237
30.52 -0.882947595649 -0.896322843143
30.54 -0.882947595649 -0.894962034251
30.56 -0.882947595649 -0.893553185404
30.58 -0.882947595649 -0.89208504956
30.6 -0.882947595649 -0.890621163284
30.62 -0.87461971003 -0.889211891242
30.64 -0.87461971003 -0.887822273339
30.66 -0.87461971003 -0.886350497694
30.68 -0.87461971003 -0.884791767434
30.7 -0.87461971003 -0.883218147625
30.72 -0.866025406776 -0.881687530739
30.74 -0.866025406776 -0.880169081391
30.76 -0.866025406776 -0.878562246723
30.78 -0.866025406776 -0.876865847692
30.8 -0.866025406776 -0.875157292966
30.82 -0.857167303794 -0.873498667197
30.84 -0.857167303794 -0.871859941989
30.86 -0.857167303794 -0.870138636046
30.88 -0.857167303794 -0.868334170965
30.9 -0.857167303794 -0.866526525326
30.92 -0.848048099348 -0.864779518981
30.94 -0.848048099348 -0.863061838774
30.96 -0.848048099348 -0.861267350924
30.98 -0.848048099348 -0.859394662983
31 -0.848048099348 -0.857525208459
31.02 -0.838670571237 -0.855723732232
31.04 -0.838670571237 -0.85395712491
31.06 -0.838670571237 -0.852115347489
31.08 -0.838670571237 -0.850196109248
31.1 -0.838670571237 -0.848282353916
31.12 -0.829037575945 -0.846439941954
31.14 -0.829037575945 -0.844634285819
31.16 -0.829037575945 -0.842751850915
31.18 -0.829037575945 -0.840789866887
31.2 -0.829037575945 -0.838833199502
31.22 -0.829037575945 -0.836949241987
31.24 -0.819152047778 -0.835189861322
31.26 -0.819152047778 -0.833505067289
31.28 -0.819152047778 -0.831765358438
31.3 -0.819152047778 -0.829956570727
31.32 -0.819152047778 -0.82815621719
31.34 -0.809016997962 -0.826425622642
31.36 -0.809016997962 -0.824722150459
31.38 -0.809016997962 -0.822921710627
31.4 -0.809016997962 -0.821018210606
31.42 -0.809016997962 -0.819099051402
31.44 -0.798635513732 -0.817234358148
31.46 -0.798635513732 -0.815386951727
31.48 -0.798635513732 -0.813435334086
31.5 -0.798635513732 -0.811377963196
31.52 -0.798635513732 -0.80930816453
31.54 -0.788010757388 -0.807300708785
31.56 -0.788010757388 -0.805319738228
31.58 -0.788010757388 -0.803242370034
31.6 -0.788010757388 -0.801067847737
31.62 -0.788010757388 -0.798891959569
31.64 -0.777145965335 -0.79679105392
31.66 -0.777145965335 -0.794727980116
31.68 -0.777145965335 -0.792576313471
31.7 -0.777145965335 -0.790334313223
31.72 -0.777145965335 -0.788098835609
31.74 -0.766044447093 -0.785946792172
31.76 -0.766044447093 -0.783839096121
31.78 -0.766044447093 -0.781645459684
31.8 -0.766044447093 -0.7793630491
31.82 -0.766044447093 -0.777089855914
31.84 -0.754709584292 -0.774903591112
31.86 -0.754709584292 -0.772763625848
31.88 -0.754709584292 -0.770536316556
31.9 -0.754709584292 -0.768218257579
31.92 -0.754709584292 -0.765909090433
31.94 -0.743144829641 -0.76368784696
31.96 -0.743144829641 -0.761512895093
31.98 -0.743144829641 -0.759247769206
32 -0.743144829641 -0.756888941568
32.02 -0.743144829641 -0.754538070703
32.04 -0.743144829641 -0.752275827223
32.06 -0.731353705876 -0.750164240938
32.08 -0.731353705876 -0.74814374583
32.1 -0.731353705876 -0.746059851499
32.12 -0.731353705876 -0.743895569514
32.14 -0.731353705876 -0.74174320869
32.16 -0.719339804689 -0.739675732151
32.18 -0.719339804689 -0.737642740394
32.2 -0.719339804689 -0.735497171704
32.22 -0.719339804689 -0.733231747389
32.24 -0.719339804689 -0.730949944422
32.26 -0.707106785629 -0.728734709307
32.28 -0.707106785629 -0.726542402522
32.3 -0.707106785629 -0.724229904996
32.32 -0.707106785629 -0.721795347367
32.34 -0.707106785629 -0.719348568112
32.36 -0.694658374992 -0.716977482329
32.38 -0.694658374992 -0.714640235704
32.4 -0.694658374992 -0.71219288298
32.42 -0.694658374992 -0.709634462353
32.44 -0.694658374992 -0.707077045793
32.46 -0.681998364686 -0.704609868025
32.48 -0.681998364686 -0.702189758497
32.5 -0.681998364686 -0.699669394378
32.52 -0.681998364686 -0.697046636172
32.54 -0.681998364686 -0.694434154019
32.56 -0.669130611072 -0.691921320881
32.58 -0.669130611072 -0.689462910082
32.6 -0.669130611072 -0.686907863225
32.62 -0.669130611072 -0.684252757647
32.64 -0.669130611072 -0.681610964454
32.66 -0.656059033792 -0.67907229629
32.68 -0.656059033792 -0.676589955925
32.7 -0.656059033792 -0.674009766234
32.72 -0.656059033792 -0.671327653223
32.74 -0.656059033792 -0.668658311572
32.76 -0.656059033792 -0.666092621676
32.78 -0.642787614575 -0.663700330794
32.8 -0.642787614575 -0.66141420444
32.82 -0.642787614575 -0.659060076106
32.84 -0.642787614575 -0.656618480452
32.86 -0.642787614575 -0.65419293189
32.88 -0.629320396025 -0.65186515233
32.9 -0.629320396025 -0.649578499494
32.92 -0.629320396025 -0.647167917434
32.94 -0.629320396025 -0.644625002849
32.96 -0.629320396025 -0.642065482514
32.98 -0.615661480386 -0.639582059444
33 -0.615661480386 -0.637126016743
33.02 -0.615661480386 -0.634537498465
33.04 -0.615661480386 -0.631814312849
33.06 -0.615661480386 -0.629078960266
33.08 -0.601815028297 -0.626429437735
33.1 -0.601815028297 -0.623819301536
33.12 -0.601815028297 -0.621088468968
33.14 -0.601815028297 -0.618235831197
33.16 -0.601815028297 -0.615385954418
33.18 -0.58778525752 -0.612637963072
33.2 -0.58778525752 -0.609944139527
33.22 -0.58778525752 -0.607141250966
33.24 -0.58778525752 -0.60422687917
33.26 -0.58778525752 -0.601325777007
33.28 -0.57357644166 -0.598536834459
33.3 -0.57357644166 -0.595810200695
33.32 -0.57357644166 -0.59297906883
33.34 -0.57357644166 -0.590039577896
33.36 -0.57357644166 -0.587116774121
33.38 -0.559192908861 -0.584309647571
33.4 -0.559192908861 -0.581566758887
33.42 -0.559192908861 -0.578718421925
33.44 -0.559192908861 -0.575760048061
33.46 -0.559192908861 -0.572817684175
33.48 -0.544639040484 -0.569991134976
33.5 -0.544639040484 -0.567228106367
33.52 -0.544639040484 -0.564356756181
33.54 -0.544639040484 -0.56137237999
33.56 -0.544639040484 -0.558402526729
33.58 -0.544639040484 -0.555548249232
33.6 -0.529919269781 -0.552887090475
33.62 -0.529919269781 -0.550344599123
33.64 -0.529919269781 -0.547727666667
33.66 -0.529919269781 -0.545014721836
33.68 -0.529919269781 -0.542320555741
33.7 -0.515038080534 -0.539735758301
33.72 -0.515038080534 -0.537197925808
33.74 -0.515038080534 -0.534524769192
33.76 -0.515038080534 -0.531707024349
33.78 -0.515038080534 -0.528872528659
33.8 -0.5000000057 -0.526123630196
33.82 -0.5000000057 -0.523406859398
33.84 -0.5000000057 -0.520546284378
33.86 -0.5000000057 -0.517539472865
33.88 -0.5000000057 -0.514521207808
33.9 -0.48480962602 -0.511599243421
33.92 -0.48480962602 -0.50872275169
33.94 -0.48480962602 -0.505716132921
33.96 -0.48480962602 -0.502578107339
33.98 -0.48480962602 -0.49944520267
34 -0.469471568632 -0.496425987188
34.02 -0.469471568632 -0.493468374835
34.04 -0.469471568632 -0.490393893431
34.06 -0.469471568632 -0.487199802139
34.08 -0.469471568632 -0.484022329362
34.1 -0.453990505657 -0.480969385449
34.12 -0.453990505657 -0.477986708504
34.14 -0.453990505657 -0.47489251507
34.16 -0.453990505657 -0.471682483752
34.18 -0.453990505657 -0.468492686954
34.2 -0.438371152776 -0.465430768904
34.22 -0.438371152776 -0.462440911826
34.24 -0.438371152776 -0.459338802985
34.26 -0.438371152776 -0.456119342384
34.28 -0.438371152776 -0.452919237375
34.3 -0.438371152776 -0.44984666218
34.32 -0.422618267796 -0.446984491194
34.34 -0.422618267796 -0.444252827594
34.36 -0.422618267796 -0.441444708992
34.38 -0.422618267796 -0.438536695297
34.4 -0.422618267796 -0.435651247973
34.42 -0.406736649197 -0.432884916831
34.44 -0.406736649197 -0.430170914027
34.46 -0.406736649197 -0.427314465982
34.48 -0.406736649197 -0.424305431311
34.5 -0.406736649197 -0.421279975981
34.52 -0.390731134676 -0.418347063337
34.54 -0.390731134676 -0.415449758684
34.56 -0.390731134676 -0.412400742106
34.58 -0.390731134676 -0.409197321476
34.6 -0.390731134676 -0.405982823865
34.62 -0.374606599666 -0.402871794283
34.64 -0.374606599666 -0.399810368082
34.66 -0.374606599666 -0.396612172057
34.68 -0.374606599666 -0.393275820568
34.7 -0.374606599666 -0.389946168794
34.72 -0.358367955857 -0.386738362056
34.74 -0.358367955857 -0.38359736764
34.76 -0.358367955857 -0.380334268641
34.78 -0.358367955857 -0.376946134181
34.8 -0.358367955857 -0.373577112055
34.82 -0.342020149697 -0.370341331493
34.84 -0.342020149697 -0.367181574874
34.86 -0.342020149697 -0.363905883814
34.88 -0.342020149697 -0.360509633253
34.9 -0.342020149697 -0.357136402409
34.92 -0.325568160887 -0.353899714418
34.94 -0.325568160887 -0.350740824913
34.96 -0.325568160887 -0.347465569006
34.98 -0.325568160887 -0.344068487809
35 -0.325568160887 -0.34069344368
35.02 -0.309017000862 -0.337454212673
35.04 -0.309017000862 -0.334291402413
35.06 -0.309017000862 -0.331009504954
35.08 -0.309017000862 -0.327602959768
35.1 -0.309017000862 -0.324216513955
35.12 -0.309017000862 -0.320964715985
35.14 -0.292371711264 -0.317935337578
35.16 -0.292371711264 -0.315044115815
35.18 -0.292371711264 -0.312072484105
35.2 -0.292371711264 -0.308995758384
35.22 -0.292371711264 -0.305943389233
35.24 -0.275637362412 -0.303017419813
35.26 -0.275637362412 -0.300147694923
35.28 -0.275637362412 -0.297129120837
35.3 -0.275637362412 -0.293951079368
35.32 -0.275637362412 -0.290757056403
35.34 -0.258819051749 -0.287661826728
35.36 -0.258819051749 -0.284605734608
35.38 -0.258819051749 -0.281392024805
35.4 -0.258819051749 -0.278017867895
35.42 -0.258819051749 -0.274633806065
35.44 -0.241921902295 -0.27136008937
35.46 -0.241921902295 -0.268140379944
35.48 -0.241921902295 -0.264779390484
35.5 -0.241921902295 -0.261275610458
35.52 -0.241921902295 -0.257780719208
35.54 -0.224951061087 -0.254415219812
35.56 -0.224951061087 -0.251121660284
35.58 -0.224951061087 -0.247702581675
35.6 -0.224951061087 -0.244154828594
35.62 -0.224951061087 -0.240628903966
35.64 -0.207911697606 -0.237243901617
35.66 -0.207911697606 -0.233940222285
35.68 -0.207911697606 -0.230517745699
35.7 -0.207911697606 -0.226971546226
35.72 -0.207911697606 -0.223451124459
35.74 -0.190809002209 -0.220074620432
35.76 -0.190809002209 -0.216780999717
35.78 -0.190809002209 -0.213368374571
35.8 -0.190809002209 -0.209830966557
35.82 -0.190809002209 -0.206318179313
35.84 -0.173648184541 -0.202948108997
35.86 -0.173648184541 -0.19965921337
35.88 -0.173648184541 -0.196248745726
35.9 -0.173648184541 -0.192710844113
35.92 -0.173648184541 -0.189195446238
35.94 -0.173648184541 -0.185821147825
35.96 -0.156434471954 -0.182678762536
35.98 -0.156434471954 -0.179681119563
36 -0.156434471954 -0.176602098595
36.02 -0.156434471954 -0.17341603792
36.04 -0.156434471954 -0.17025664254
36.06 -0.139173107912 -0.167229254485
36.08 -0.139173107912 -0.164261521088
36.1 -0.139173107912 -0.161141841916
36.12 -0.139173107912 -0.157859170243
36.14 -0.139173107912 -0.154561382404
36.16 -0.121869350393 -0.151366716318
36.18 -0.121869350393 -0.148213864007
36.2 -0.121869350393 -0.144900393202
36.22 -0.121869350393 -0.141423340374
36.24 -0.121869350393 -0.137937498332
36.26 -0.104528470289 -0.13456646262
36.28 -0.104528470289 -0.131252512727
36.3 -0.104528470289 -0.127795253064
36.32 -0.104528470289 -0.124193090872
36.34 -0.104528470289 -0.120601597062
36.36 -0.0871557498006 -0.117144311156
36.38 -0.0871557498006 -0.113762507047
36.4 -0.0871557498006 -0.110254055271
36.42 -0.0871557498006 -0.106615665603
36.44 -0.0871557498006 -0.103001294062
36.46 -0.0697564808266 -0.0995327066509
36.48 -0.0697564808266 -0.0961491058345
36.5 -0.0697564808266 -0.0926461252377
36.52 -0.0697564808266 -0.0890186523359
36.54 -0.0697564808266 -0.0854192141028
36.56 -0.0523359633529 -0.0819682799889
36.58 -0.0523359633529 -0.0786037226926
36.6 -0.0523359633529 -0.0751198678115
36.62 -0.0523359633529 -0.0715107342213
36.64 -0.0523359633529 -0.0679283612587
36.66 -0.0523359633529 -0.0644928672733
36.68 -0.0348995038379 -0.061296093122
36.7 -0.0348995038379 -0.0582494874712
36.72 -0.0348995038379 -0.0551236758774
36.74 -0.0348995038379 -0.0518922869062
36.76 -0.0348995038379 -0.048690351278
36.78 -0.0174524135958 -0.0456241622504
36.8 -0.0174524135958 -0.0426203605151
36.82 -0.0174524135958 -0.039464811602
36.84 -0.0174524135958 -0.036146078111
36.86 -0.0174524135958 -0.0328133534473
36.88 -7.17958694786e-09 -0.0295858814951
36.9 -7.17958694786e-09 -0.0264017762153
